1.991833176669990024e+01
1.096552590326635013e+01
1.658147129533580610e+01
2.306585130031082542e+01
1.241188061415659760e+01
1.242331118108207733e+01
1.536790825006216288e+01
1.242554670474567757e+01
2.009929678861329450e+01
1.323662946171464228e+01
9.743936492663944904e+00
2.637107879815758338e+01
8.022656965342758184e+00
1.723008744393624170e+01
1.308338001439905618e+01
1.331987069932020873e+01
2.051172632806260765e+01
1.311704826747267738e+01
9.527311269575070796e+00
1.746886626583113866e+01
1.528167327668151465e+01
1.412604194576149474e+01
1.535831808593667702e+01
1.068388211602944438e+01
1.035664097082561952e+01
1.714131900473086034e+01
1.299853328992148960e+01
1.544240587729158953e+01
1.769526909480830312e+01
1.909919220952974328e+01
1.191744525476695493e+01
1.465997256775065338e+01
8.771174306971067480e+00
7.091686760564557268e+00
1.962680748510809181e+01
2.173764876127749091e+01
1.555714386729873233e+01
1.602546873991379073e+01
1.784461566844490932e+01
1.407227572153443340e+01
1.380529640267383584e+01
1.250827183244895835e+01
1.878516370918076461e+01
1.340647665421185586e+01
1.620701823331576463e+01
1.099634094120949435e+01
2.557498033177039787e+01
1.213521622135077749e+01
1.259356373675523955e+01
1.905345083741315904e+01
1.976994147618059117e+01
2.537758347926892810e+00
6.364490535286593698e+00
1.474999433551102257e+01
2.198499332161503617e+01
6.562386526959372191e+00
9.944599575551061221e+00
1.594001107421810559e+01
1.614260854234048992e+01
1.485097996064572001e+01
2.774195804726162251e+01
1.246976250628796024e+01
1.722017033996688440e+01
1.194020065857586843e+01
2.479914443657720824e+01
2.323374956294935245e+01
1.669770175214395636e+01
1.395786537034020469e+01
8.591403976287011801e+00
1.612391588175868407e+01
1.740379871728095296e+01
1.310529653376385006e+01
2.226115428380719408e+01
9.623002124097610022e+00
1.002465311892459887e+01
1.758384511019996665e+01
1.997075129008152317e+01
1.197129820786992838e+01
1.571339608223228446e+01
2.443444591471810057e+01
2.223120665574639787e+01
1.653825141691653755e+01
7.772799127559894217e+00
2.002719472351865804e+01
1.125260244382794816e+01
1.702696981155364142e+01
1.679637726286398092e+01
9.739655095251862349e+00
2.445424103140775429e+01
9.199322476793524217e+00
1.670351344452096498e+01
8.570023840339086263e+00
1.258409286027914931e+01
1.967096582922678039e+01
9.985441743067489995e+00
1.261278604084214550e+01
1.203665099515334092e+01
1.930864051130532744e+01
1.201386262679291761e+01
1.693740087090059276e+01
