7.639286281849002158e+00
4.294909245277781729e+00
5.918548154581701581e+00
9.556112895451278177e+00
3.663632638160870147e+00
3.018252766312339297e+00
6.063249275385911297e+00
3.240208623825620027e+00
7.281620371162535577e+00
3.563700758292582371e+00
6.040776092792840224e+00
1.000530169663967150e+01
5.856306505731048162e+00
5.383566873962843502e+00
4.081165358382090602e+00
4.189315340001265042e+00
7.905949947262367772e+00
3.382771029636722826e+00
5.709626144878494181e+00
6.805592150332142154e+00
5.403449671865542037e+00
3.245983291463004683e+00
5.425682499443082563e+00
4.594409987014319796e+00
5.629953804237214143e+00
5.855498307401302505e+00
3.632635000067851117e+00
4.886153209542134057e+00
6.561086826768184999e+00
6.672382442864116747e+00
4.172874144035232824e+00
3.682240725151010530e+00
5.161554400087426053e+00
5.714127758729564910e+00
6.878833378949892108e+00
8.642375249629568046e+00
5.516835064309897341e+00
4.794493611161923852e+00
6.371073120981739280e+00
2.779824720564930018e+00
3.511204319658284945e+00
4.183412974796492989e+00
6.612349851415687318e+00
3.288908210766197104e+00
5.904435852448327360e+00
4.343179993621103741e+00
9.124070413953560887e+00
3.144259408687841706e+00
3.260126013243217269e+00
6.562795492803270569e+00
6.258984524585405218e+00
8.800410482765984810e+00
8.025913329010785802e+00
1.924041915851417484e+00
8.746193181717222487e+00
5.624476442439570789e+00
5.135334104617633066e+00
6.347025144699541599e+00
5.427120928369362218e+00
2.010169679439262502e+00
1.178902695121823641e+01
4.164552747072482575e+00
5.956172771990707382e+00
4.497176015758579837e+00
9.780249134808576272e+00
9.276788689839687407e+00
5.441610291021157231e+00
3.339542699188924324e+00
4.951097821248677811e+00
5.132387454385699321e+00
6.243633339574013341e+00
3.685354309197736544e+00
8.856387304225187052e+00
5.017883795555148296e+00
5.448754356360282713e+00
6.703488131331575062e+00
7.510661286914266377e+00
3.274038490102598509e+00
5.648294148569576123e+00
9.674015359273058223e+00
8.587461152820072385e+00
5.684983327295619837e+00
6.536597098409741236e+00
7.465026708176374370e+00
3.753486540791184822e+00
5.215416880871172722e+00
5.923602039646000961e+00
5.026595550857877015e+00
9.953358501684396842e+00
5.364242265233030160e+00
5.256096725217543231e+00
6.095147095167577689e+00
3.484054701895918704e+00
7.421953693860202428e+00
4.958036575859464890e+00
3.723059199035892330e+00
4.553640432217694212e+00
7.074401019771822341e+00
3.954506442249638987e+00
5.451678174824078127e+00
