-6.332938504728877760e-01 -5.748378270255588340e+00
4.022773466689740118e+00 7.963914983363229450e-01
1.027921495022147624e+01 6.293062744657993424e-01
-1.834105203853729993e+00 8.690244294440336859e+00
-9.476986060077095431e+00 -2.650795232869511242e+00
-3.247312058384578037e+00 -5.236326375260046184e+00
-2.100679016254622500e+00 1.945484252820943727e+00
2.392463465581903037e+00 -1.773974027841869194e+00
6.075385105970806165e+00 9.130335920108479941e-01
-5.440259911049810881e+00 -8.461635535359557370e-01
3.451900522970037244e+00 -1.806594251050652966e+00
1.478487864317360456e+00 -6.249409249877466266e+00
7.960504159750608544e+00 3.563174098462465800e+00
1.374305195621567499e+00 -1.149928671630390653e+01
4.632785309300161636e+00 1.536779460644521578e+01
5.527680463120168142e+00 -8.458796235379320905e+00
3.268010869126111828e+00 -5.452259848025770239e+00
6.354852668532652515e+00 -6.587899575716390288e+00
-2.336601899290360773e+00 -2.825961707488194641e+00
1.714476623111294229e+00 -7.857917044859326072e-01
7.028727394936461481e-01 4.063785369740512188e+00
3.175135223994116629e+00 -1.307568113353812025e-02
-5.495077122795174240e+00 -7.093883846862457432e+00
5.440607069971749254e+00 3.630636497496485759e+00
-9.513839647174531677e+00 1.677138472240212508e+00
1.553644574248082000e-01 5.546234654590501023e+00
-1.235373890364559912e+00 5.283589340873392715e+00
2.347699510918842325e+00 -3.364715843371912207e+00
1.011471100220512120e+00 -4.579336529036138081e+00
-1.398103807207840221e+00 -2.822768125059785138e+00
5.552307656448669526e-01 -3.437280486354807874e+00
-3.297915254425987097e-01 -5.724111147113545073e+00
7.466203597215165244e-01 -1.452183212542560220e+00
-1.827030098730926255e+00 -1.486662738511981496e+00
-5.080035331304506574e-01 1.284770762463549598e+00
-3.748320635644106336e+00 3.023844903145182617e+00
-2.812235435690447538e+00 2.495219462736969762e-01
3.934397304434334330e+00 1.031532698206308218e+01
-6.827195341543931484e+00 5.437025450269051596e+00
-1.468008478290378296e-02 3.709842342874656751e+00
5.282654780502175740e+00 3.286754385355688868e+00
1.723361527158127210e-02 -9.633442434798141107e+00
2.857751270802483923e+00 -1.079422550558929039e+01
-4.112896521634913150e+00 -3.566035640607670421e-01
4.094341508983108113e+00 5.830948659841981296e-01
4.486591858715286207e+00 -1.291034601101300083e+01
-2.054489109365898791e+00 -2.764676997673296999e+00
7.797979383356400618e+00 1.560784607665605117e+00
1.859113555518731253e+00 -2.360805127960827310e+00
1.092073353393640867e+00 -3.659713941452363839e-01
-7.437839436732598841e+00 2.225420252327818815e+00
8.102575801183402593e-01 2.758361612225779691e+00
8.739277984799798116e-01 6.126558073597452303e-01
-1.039488274782413235e+01 -1.081574648953242246e+01
4.164091504778496322e+00 4.574676987913139037e+00
6.355692439786130521e+00 6.297179641056840360e-01
9.264899480108407248e-01 5.368443982046613883e+00
9.894528971460619937e-01 -3.747574938058231275e+00
-3.914729521154863612e+00 2.657560532615865778e-01
9.843108824463677742e-01 1.714698544060788254e+00
-1.665116468446012687e+00 -1.157484727682985381e+00
8.595516959373352250e+00 2.372982771292781567e+00
1.897875378615987429e+00 6.999584722192625286e+00
-3.884047571153466105e+00 2.414057285770757399e+00
1.991886493303805183e+00 -3.144855606425939865e+00
-5.407591588183683129e+00 -1.033675310493697541e+00
-3.435118822953868722e+00 2.304236221803837303e-01
1.006738646738236476e+01 1.044508225481669134e-01
7.733801855412104631e-01 -1.194097624087951726e+00
6.113550226571770274e+00 -1.400763409104316537e+01
-9.097879045747140125e+00 -1.048992275572014493e-01
-4.866983429200534061e+00 3.925027177183364913e+00
1.345233063895788783e+00 1.983337401245279574e+00
5.610940220093593389e+00 -5.460539303449350790e+00
1.672206647843814409e+01 4.393452541483894858e-01
3.493167532186280511e+00 -1.316177868724199618e+00
-9.919154935417736851e+00 1.746094064832810711e+00
4.245182369651208987e+00 -4.128049765047399511e+00
2.513414534887310925e+00 -9.419941371938250763e-01
-8.939287656459910636e+00 -8.772732248036165359e+00
-3.437397735943488630e+00 -9.231234112437530115e+00
2.987956079168893719e+00 -7.846333321286873996e+00
-7.636465690750878110e+00 8.894266634194625709e+00
-5.392717795814138348e+00 -2.824580215137401318e+00
2.226337008972664178e-01 -3.173368231563475028e+00
-6.240288463120148066e+00 4.361587928273667814e+00
-4.515257132136396123e+00 -3.487986319129652291e+00
4.776132203433882673e+00 -8.061336716187522455e+00
2.192980215392631216e+00 -1.354376978944813903e+00
1.022785693903728754e+00 2.880603168342207976e+00
-7.605869106440895422e+00 -3.187387979973643315e+00
2.191808178407948837e+00 -2.954228257406996475e-02
3.781782202046838570e+00 -1.305219195140504329e+00
-2.696067029155171380e+00 5.497158561445026237e+00
-3.261151950038764014e+00 5.296872728914431505e+00
-2.376722922136525806e+00 6.210685467778701785e+00
1.029247997370745971e+01 8.692479266270259908e-01
-1.380061595716701461e+01 6.665505251325404501e+00
-8.784885002668600507e+00 -2.814140093013646649e+00
-5.375271272752009111e+00 4.525077244389781761e+00
