1.281753967515885151e+01 3.100327451711345494e-01
-8.093332093464844945e+00 -7.169473524953386523e+00
5.478448562469803385e+00 6.496174451819381801e+00
-5.789106563022649254e+00 -1.015367543795407990e+01
7.901471610794786216e+00 -1.753621758378560003e+01
-2.770265491392002843e+00 -5.702714507477338657e+00
8.314810533375361246e+00 -4.359724630652332067e+00
1.794025478392818229e+01 -9.921176041843100535e+00
1.055840019851122591e+01 -1.033647158302744451e+01
-1.805645144878997410e+00 2.697014686959219310e-01
1.025400805085041966e+01 4.564316166166252353e-01
-2.581576090028233406e+00 -1.161535401247191501e+01
3.529583353570425963e+00 2.339148473503762204e+00
-5.871821950872323725e+00 8.264046450456200787e+00
3.320785172479946201e+00 -1.557880317967885730e+01
-1.857605899238657710e+00 -2.209158648185703955e-01
-1.517128085726725928e+01 -5.760895040260586519e+00
-8.215199457546211725e-01 -4.558425647536560987e+00
3.416732157316495044e+00 -5.634580667960378264e+00
-1.335434320480704962e+01 -3.725896218430610141e+00
1.653437793612931195e+00 -1.298270960800658003e+01
-2.232403507210661164e+00 1.972060795871635852e+00
-4.259723106578353402e+00 -2.223745635201615389e+00
-2.139667303405119902e+00 1.120035869407266382e+01
-7.748665511377873294e+00 5.139367968907556872e+00
-4.680018435046178205e+00 9.153268825630723526e+00
-2.791520729748376173e+00 -8.931179809626662802e+00
1.389688076120947002e+01 -1.964999185124596037e+00
6.652081642924506433e+00 -7.737858700841388604e+00
3.191835860964730709e-01 4.525200026578755974e+00
1.886825656608529522e+00 1.074020944810236466e+00
-9.694587483403637407e+00 -1.667076393332524165e-01
4.343735955257470138e+00 3.668246827473440330e-01
5.379058229494584786e+00 -1.242965836469573304e+01
3.233456153832898305e+00 6.903633820009670075e+00
-2.725477827281515442e+00 -2.414368202824535459e+00
5.693078945231177634e+00 -3.256040478278271255e+00
-2.142479435287799827e+00 1.092359580900274241e-01
-6.828228211089307997e+00 3.658997988333646534e-01
-1.790379323132287537e+00 1.847369481947015224e+00
-4.433930834920235320e+00 5.847349717411463033e-01
-1.200168409411556603e+01 1.620900400546600562e+00
6.311924919002961376e-01 1.229303765607617471e+01
-1.094332446645488233e+01 -5.700129955808861837e+00
-2.872295755970689868e+00 1.362277987833385318e+01
4.187424291223091011e+00 1.849821764490898746e+00
-1.844851278745757606e+00 -1.933174415494069365e+01
-5.608099970058034955e+00 -6.518997748790499536e+00
-3.494902028488487300e+00 -4.093105262654697540e+00
3.342579538595589650e+00 1.968132973702693533e+01
3.217822471618166258e+00 3.029352846990367887e+00
-7.703708956590140211e+00 6.658931082146628100e+00
4.689648213637069851e+00 -2.144399517541567324e+00
7.770686880564136700e+00 1.232242350102546524e+01
-7.593428557079636931e+00 -6.071141649179327970e+00
-5.240367112183232923e-01 8.723135532742869458e-01
2.395828104325735453e+00 -2.020393969503835319e+00
5.221518196946817625e+00 6.073340774440214140e+00
1.840073717945027998e-01 7.235988824241343487e+00
5.105559385537788764e+00 4.230174843236192750e+00
-7.726414059041027294e+00 2.221890067663243595e+00
6.343425255569576926e+00 2.765506213163650973e+00
-8.414347846894756344e+00 -2.673599344697637381e+00
8.567134405299743349e+00 3.555932479296060933e+00
-3.575894415364231360e+00 -1.231518653145754350e+01
1.450492722179602190e+01 7.038847186043046822e-01
-1.983362397296736646e+01 1.241433073600741466e+01
4.343297549007287817e-01 1.109247133171637500e+01
9.073862410081879659e+00 -3.773379385788057760e+00
3.142638587484706925e+00 8.354242995492876744e+00
4.265505889442620990e+00 2.128058840645794980e+00
-7.099547903798709036e+00 7.471730125339426820e+00
-1.602302511721844169e+01 -5.508188063163247605e+00
-8.001291941129929697e+00 -9.753736701100830686e+00
4.767214996345429667e-01 4.314890086733268681e+00
-1.038645736861661462e+01 9.384860596433172830e+00
-5.872720470516607172e+00 -3.686645302978148742e+00
9.410433662617384343e+00 1.232521529131387439e+01
-1.127823896780138213e+01 -4.193304759730584585e+00
-8.914948025332131820e+00 -3.033216136006654295e+00
-2.291179558138539107e+01 -1.699394946284981600e+01
-1.491398816655323678e+01 -9.951021630984459021e-01
4.761695437921474650e+00 -3.713609566159346453e+00
7.593319336735966374e+00 7.553970490830748119e+00
3.314092264477235705e+00 -5.370569120121115869e-01
9.448153859509625718e+00 1.537122152003848718e+01
-1.057234443220187003e+01 7.587355837595063157e+00
-5.097939778923676002e+00 -4.903825747970097737e+00
-5.010514933315123542e+00 3.036244503533505501e+00
2.601653695957926615e+00 -7.589341425484884773e+00
5.658849784173655806e+00 -7.474517375664823327e+00
-1.476277074586653359e+00 2.037936602171506670e-02
-2.645800295176519157e+00 -1.305622194154498139e+01
7.219000421800481071e+00 8.716720141923355314e+00
-7.175171362077714221e+00 8.900763979827765127e+00
-8.625332522811952618e-01 1.645701479705170778e+00
-9.659714653617115232e+00 9.320750659223897117e+00
-3.217635995685298234e+00 1.168878870171715212e+00
-1.254380459533431580e+00 -1.203362760889595595e+00
-1.043511686432907704e+00 -3.215189999263688314e+00
-7.784580720685098321e+00 1.834870854138560503e+01
8.415168406771109666e-01 -4.614452398026742230e+00
-2.494920098644381135e+00 -2.750643290360957671e+00
-1.564968697660461761e+00 -4.352485239130479577e+00
-1.385013327604158517e+00 1.006574865338669866e+01
-1.686933501287034787e+00 -2.160517314364968910e-01
-1.444384824249052679e+00 -2.680877791265964483e+00
2.722044113748311123e+00 -1.978650791169149414e+01
-1.280622838166791233e+00 4.991868519723388076e+00
4.921031083935212269e-01 -7.316740443583300113e+00
6.765628551175901784e+00 4.882644450218626808e+00
3.569623702800736709e+00 2.195621890397984721e+00
-1.283742707880400014e+00 1.094079901815552880e+01
5.844950426956246226e+00 -3.521997515983287252e-01
-2.314958145892211494e+00 9.698675689400049649e+00
1.284466802948742492e+00 -5.608945841050847037e+00
5.544256293879880282e+00 -5.859211026649431275e-01
1.180027538671346754e+01 -1.292974470133001041e+00
-4.904438910379509409e+00 -8.755252666841457643e-01
8.745148090266203766e+00 -4.677118545302493935e+00
4.794163614101517368e+00 3.732685898596976415e+00
-1.360087140208627332e+01 -1.100210560489124134e+01
-1.519526057982466760e+01 -5.194129480980994806e+00
1.138870873771314152e+01 -7.372135533083955750e+00
1.074108224139781420e+01 -9.425717472485903414e+00
1.286124150188561188e+00 1.660306796546979546e+00
9.466264634714677273e-01 -6.867939041082705920e+00
-5.928977694192867354e+00 -3.768395564337765791e+00
9.083949585094407198e+00 1.474292656180863581e+01
-7.545958192013893395e+00 -1.946977992085825671e+00
7.081845753617952433e-01 5.539805291267498433e+00
-5.603798228992592279e+00 4.389220593624764355e+00
-3.849152730332770833e+00 1.327440177244769970e+01
-3.010698734765415274e+00 7.616520399770698724e-01
-4.392250273151652173e+00 4.594969276997744601e+00
-7.843025887040162569e-01 -4.276416513144684295e+00
-1.206267151868331311e+01 7.514373733473115990e+00
2.035708331475784671e+00 -1.013616276747407730e-01
5.181184470704295109e+00 5.869341367711443880e+00
7.455354275911259876e+00 -1.191672187586934495e+00
7.238778936594302493e+00 7.031816785676435089e+00
3.296918803598459125e+00 -8.391807830084307085e+00
7.229957535777608690e+00 -7.717450092199539924e+00
5.752478434345346336e+00 9.388041763394449291e+00
-1.974155915724982835e+00 6.691638331893226876e+00
-2.385497488600658134e+00 -1.608310366714353012e+00
1.067299006795986926e+01 -3.869188073377553216e+00
9.494737954521766943e-01 -4.067963641227791527e+00
-2.508232573818849342e+00 5.198299739006351672e+00
-1.037615705954309853e+01 3.323875860127441406e+00
-7.461067363557896570e+00 1.672266889832819459e+01
1.446443360807462719e+00 -2.541416247483252011e+00
3.361618580934831346e+00 -2.387073712357588917e+00
1.345822952494308833e+00 6.277864609160218379e+00
4.548464697751771091e+00 1.396321538613581659e+01
1.180216876420275618e+01 9.688293189907986047e+00
1.175853181187504681e+01 -1.155016538696262529e+00
2.182697927893242074e-01 1.935243255557910436e+00
1.846178624508747479e-01 1.447784617594626511e+00
9.239410792912087445e+00 -6.511890607574475354e+00
5.840736325937539775e+00 -8.706805663046457422e-02
-4.155694665886676908e+00 -7.180530900138420769e+00
-1.422370108124754040e+01 2.180470181426333198e+00
9.795430755725491601e-01 -9.152548252432386455e-01
-2.270008964413523955e+00 -6.792908942641615599e-01
-4.766453217638643380e+00 2.431333928277906065e+00
2.174405403032793060e+00 -3.648046714220824605e+00
4.721404937161287840e+00 -6.554877644049706298e+00
-7.960232067178463211e+00 6.871980961069720450e+00
7.777377493926249663e+00 -1.133690208083784334e+01
-5.337306676526445415e-01 1.816261406232657194e+01
-8.936603606949926615e+00 -1.134505156938038439e+01
9.041909221762587379e+00 -1.053436375990308171e+01
-1.567677294632839491e+01 -6.363657722705525543e+00
6.574553291077905870e-01 -3.620289900845591102e+00
9.881809390895725187e+00 -3.823577169172563739e+00
-2.978173894507377906e+00 -1.233310473588983669e+01
-2.958185509286452408e+00 -1.312762565676457527e+01
-5.422951634210967597e+00 2.641088070407983768e+00
-4.703586803890220658e+00 7.784956952123541996e+00
1.032076267432978156e+01 -6.505177308762549515e+00
1.423269161238973091e+01 -2.836329887247508896e+00
3.654466161107275735e+00 1.105416180089397571e+01
-1.566342537283554748e+01 1.189117347407648317e+01
-1.167978478793439479e+01 -4.147518153099142069e+00
1.079833758210203332e+00 1.989713726657402404e+01
5.136022895840850921e+00 1.526488953325100795e+01
9.418722429050513156e+00 -1.468200494830293579e+01
-1.437296631283720316e+01 -4.597995283896917584e+00
1.151549165784409112e+01 8.162252698073176660e+00
6.928284428517523352e+00 6.664157418583197767e+00
-1.744861239532285424e+01 4.014336154896522402e+00
1.766292389075086788e+01 3.671094475130484813e+00
-1.702986648533881597e+00 1.560484347149980344e+01
-4.613734617589954290e+00 -4.052285881430303327e+00
1.732200139036854480e+01 2.992186123636687789e+00
2.034053527040668108e+00 3.765786933435819162e+00
-1.019025396423590202e+01 -7.550079429527352559e+00
-5.840808482060120266e-01 -5.504842925732845060e+00
4.004172850099950443e-02 -9.254966462367669067e+00
