-8.835087584651803161e-02 9.650633093751197489e-01
-1.326586554006579377e-01 1.008395920633269105e+00
-3.442451875126374405e-01 1.294659638639835242e+00
3.098371670786219112e-01 1.156772366264050556e+00
1.737376146015419953e-01 1.604446153331600122e+00
-5.067625570364112653e-01 9.323901844046660337e-01
7.073318165202309160e-01 1.084247587132303403e+00
-5.022515575249497655e-01 8.175216482100557958e-01
4.550542046205252045e-01 5.558192085788593584e-02
-1.178662728354978179e-01 1.062529843300109800e+00
2.490378363152279950e-01 1.173846686553440266e+00
4.040320963516613184e-01 1.486955623331273291e+00
5.531844303574945387e-01 4.506798272182790388e-01
7.407697610309080249e-02 1.695981810499280762e-01
6.632569459630034414e-01 1.122762245299934181e+00
1.098358088369323499e-01 1.256800036296961798e+00
-1.116330123290746740e-01 1.329773897420553297e+00
-9.396427511967875290e-01 7.947420533617923777e-01
8.927454787857073970e-02 1.098674766800600722e+00
-4.158895985941150897e-02 1.705088176874334893e+00
2.582325452937455079e-01 1.364218478497944309e+00
4.821401450361649244e-01 6.458716230699390604e-01
-1.764383031984543548e-01 1.841745964588678675e+00
-1.205831793743324248e-01 5.727620088527597408e-01
-4.443083648010217601e-01 9.410983518649248536e-01
8.844760617400106995e-01 1.104425466062354921e+00
2.048340817726473917e-01 1.160958283156005244e+00
-2.741401143532250506e-01 1.679439316806737192e+00
3.542986616876637185e-01 9.075810996451472157e-01
1.435927761853584561e-01 1.423707332819705407e+00
-2.539835915350860396e-01 1.503077459211936695e+00
-3.761132340033929156e-01 1.108687839221312643e+00
-5.889181717027378582e-01 1.391500484551947192e+00
-6.881575602456909690e-01 1.673883531861141805e+00
-7.028516947320000430e-01 9.345729684107364488e-01
4.432678170096288756e-02 1.152058882304534349e+00
3.212627329940389020e-01 4.479183067714213040e-01
-1.387686677776658883e-01 5.617844085476852989e-01
-7.652210636327386739e-01 2.564580939720864095e-01
-5.387534642901850024e-01 1.311068596946655562e+00
3.838098758744262762e-01 1.364806492275526972e+00
-3.217861151056140567e-01 7.758271789784697559e-01
-4.056862869701380880e-01 5.426141876093280025e-01
-1.743923078176310149e-01 1.322024304250108973e+00
4.036445053905559632e-01 1.365064646365600431e+00
-3.662648264692787148e-01 1.767697870565340112e-01
3.208807423998630837e-01 1.147985951255193759e+00
-8.238198651454977650e-01 1.050263370207795033e+00
2.588924529566865584e-01 1.014710873268905411e+00
-4.650912490585304981e-01 1.869122050538963853e+00
1.303021127457457906e+00 -1.244603345389864835e+00
1.095879142698370945e+00 -1.066654679355097501e+00
1.053462118760567723e+00 -1.249190539186244564e+00
7.904799209030026752e-01 -1.514366273477187885e+00
1.136501371336435362e+00 -6.023062183221805643e-01
2.290809820942013575e-01 -1.374126621593736441e+00
1.693867372466788090e+00 -1.538444631422707598e+00
8.725110783948226700e-01 -1.593895510821852213e+00
8.983093443594745153e-01 -9.281134371830708218e-01
2.027461279841856090e+00 -1.695035019555218181e+00
1.144880597612756956e+00 -1.648647085066328843e+00
1.269733476596638377e+00 -2.141771369196254771e-01
9.131928758454888051e-01 -8.911857254691313290e-01
9.301990569993459079e-01 -1.007720113927025318e+00
1.321127282749622767e+00 -1.110712505052826371e+00
5.243904771813796550e-01 7.144710263928599758e-03
7.576016001986115578e-01 -5.010338722650594656e-01
1.451496281385617815e+00 -1.260285340002230914e+00
8.800163033402332857e-01 -9.689302970322993813e-01
7.737779282092093203e-01 2.899272521011782011e-01
1.007217393888744983e+00 -1.043598238433633751e+00
1.178812025380841177e+00 -1.427396923025543440e+00
1.154634374641845707e+00 -1.298963711513729358e+00
1.487364668262298295e+00 -1.191935625871468174e+00
4.435421497091709409e-01 -8.860474614100917190e-01
4.113427000916952680e-01 -9.148494719291894173e-01
8.040270357258383349e-02 -1.886895361935427173e+00
1.885483972857993296e+00 -3.407720114411973977e-01
8.896089062151651961e-01 -5.120791132889717101e-01
2.408911450175613700e-01 -6.244114798231232832e-01
4.549345192487840306e-01 -1.284655653644454443e+00
9.131728448255447272e-01 -1.095897804414104559e+00
7.764105806183463354e-01 -1.317094253815640492e+00
1.288537064630185247e+00 -1.697245838423331099e+00
1.621076347102057058e+00 -8.273185937191736006e-01
4.235852582884457318e-01 -1.040653132977592987e+00
1.234049170797625328e+00 -8.549243730765968552e-01
4.776189195320780234e-01 -1.148545247995878205e+00
8.355609971685351578e-01 -1.574687471016682938e+00
6.305407333547391469e-01 -1.818491843903544236e+00
1.392312548218218593e+00 -1.857272307292299640e+00
8.203571050983378132e-01 -1.477785217116747374e+00
1.159401170082078991e+00 -6.720949265406690465e-01
9.193252436129885075e-01 -9.803660961042391930e-01
1.001224980273818899e+00 -8.165656931329874357e-01
5.167526525155698991e-01 -1.108327722948226901e+00
5.242678421775963660e-01 -4.849258715983528756e-02
1.700607933733690125e+00 -6.842600846797191050e-01
1.360642953721497905e+00 2.137509212513348800e-01
8.549825279641175557e-01 -1.193690489020537759e+00
-4.533390504742771387e-01 -8.047280902514049039e-01
-1.334453588401123270e+00 -7.696570776273446990e-01
-2.404507316838960795e-01 -6.167007124322307909e-01
-1.124934013407839384e+00 -9.198565232795418156e-01
-5.143388996698523563e-01 -6.243810802325779896e-01
-5.683231858006250192e-01 -1.004060215194700012e+00
-1.446453034790338599e+00 -5.818753292925806786e-01
-7.372319613469524580e-01 -1.448743495288024485e+00
-1.094488158515793508e+00 -6.713318577227380679e-01
-1.607362585638428598e+00 -2.449639149276015004e+00
-6.491037325807036407e-01 -7.881635310955907858e-01
-1.564030357322407028e+00 -1.510017227043532362e+00
-9.124841846851086125e-01 -1.263590415356753427e+00
-1.214329529616402281e+00 -1.466772843938464188e+00
-1.036461100809914493e+00 -1.778286867488749534e+00
-1.099214257800587458e+00 -1.036923903963492544e+00
-7.258060532281673805e-01 -8.946924699295820682e-01
-1.400628387232441208e+00 -7.277632574455901171e-01
-1.052109479702864503e+00 -9.379215210727528396e-01
-1.259438217682284034e+00 -6.277660967336030629e-01
-1.242299108214354186e+00 -1.327184620100184897e+00
-1.089912299904214787e+00 -1.427631140675437393e+00
-6.972087674631775034e-01 -2.985661333758038438e-01
-8.630534650549831488e-01 -7.214524625868277141e-01
-4.357086241087754219e-01 -9.869490228637604057e-01
-6.467498407291660811e-01 -1.462124144338977194e+00
-1.331335531131595973e+00 -1.361890199972887627e+00
-1.073463864104211130e+00 -2.893584651130570728e-01
-6.646973355886562906e-01 -3.771189932306981962e-01
-9.902823540047133166e-01 -1.380061522666820029e+00
-4.780813702780014607e-01 -4.676957321785361055e-01
-2.539388757508048711e-01 -1.454009178300510907e+00
-4.439072277669786626e-01 -1.031971636988220586e+00
-1.360641734708644801e+00 -6.182942229877292917e-01
-1.877636121275303438e+00 -1.294789914512596285e-01
-9.685202675885065116e-01 -4.963172901484196320e-01
-1.238619434666789143e+00 -1.027874283478656503e+00
-1.047722736753454287e+00 -7.705197652073515480e-01
-1.107730344066870209e+00 -9.300236742644860666e-01
-1.222999694641948576e+00 -9.343902690711310965e-01
-1.101914486837844098e+00 -1.281806231125479423e+00
-1.917343992326747237e+00 -1.224474984433376434e+00
2.933383858785951759e-01 -4.426845660440578145e-01
-2.864616593196436245e-01 -1.029523577217849484e+00
-8.290626060224320915e-01 -3.821326692464394048e-01
-1.505291540140080819e+00 -1.231701291925307640e+00
-4.318311852601842693e-01 -1.613582495345235568e+00
-5.486742299769755693e-01 -9.961990069433057648e-01
-1.621874521944228764e+00 -1.151255754655130303e+00
-9.351266722665270148e-01 -1.447249477507252635e+00
