8.430321811413232780e-01 3.873635605350438382e-01
-1.073402235121586834e+01 7.613646188204464593e+00
-1.361600170962697653e+01 2.319441607477523704e-01
-2.855417110160515470e+00 -1.002966741063372069e+01
-3.307561330144932921e+00 -4.512298852715966646e+00
-3.234553538997108291e+00 -1.493023060051231354e+01
-1.605782753530251483e+01 6.165628388398580739e+00
3.547883819087212842e+00 3.987659445047254891e+00
-1.859642537586806199e+00 -5.215227017808759413e+00
-2.811002589196975876e+00 -4.274519894568744149e+00
-1.195486021201933902e+01 -3.925037471381053855e+00
-1.514504042049212451e+01 -1.200234271089225757e+00
-2.271759297530205668e+00 -6.033958609345625668e+00
2.675014404856925765e-01 4.296922601790722496e-01
-6.529656509769173667e+00 -1.473229389680416013e+01
3.633320289143936677e+00 -2.162893379228898905e+00
6.117301845219477840e+00 -1.252883758924126312e+01
-5.296793596817590988e+00 4.441316942391591027e-01
-5.780556776253099827e+00 -1.033136698054157421e+01
-3.931717637796373843e+00 -7.769835298147685698e+00
5.757051613063450368e+00 9.335168759929931781e+00
4.224112842251229516e+00 5.813205078252519087e-01
2.399869405506320330e+00 1.119018832747667958e+01
1.029575978995839236e+01 3.765034625632337928e+00
5.289023540852533678e+00 6.601918014306696669e+00
1.194992771530221987e+01 3.652728270848291103e-01
9.244750809217268994e+00 1.459615790636380162e+01
2.148622001660315917e+01 2.417493178590293557e+00
6.004880980479317287e+00 -2.976318584024856939e+00
1.093711287641775698e+01 -2.995253873672092837e+00
3.021902915415493496e+00 1.012488510407710152e+01
4.900351885666451857e+00 -2.044583674933832640e+00
8.013291821416146377e-01 -2.995533290459693632e+00
9.195631205204286118e+00 1.168845750080125967e+01
7.779427748786208241e+00 9.393106321012531623e+00
-2.180258711257184956e+00 8.501993170980075121e+00
5.731676578863906357e+00 1.464529526364114709e+00
9.732736282619876889e+00 3.168137864711831675e+00
1.980498174692110425e+01 5.068661844797051508e+00
7.226703863486463320e+00 2.095066378965285470e+00
